function msefinal = minimize1(x)
 original= [87,86.2991000000000,84.9589300000000,83.6701200000000,82.4386000000000,81.3074900000000,80.3057200000000,79.4371100000000,78.6956500000000,78.0751800000000,77.5697200000000,77.1733300000000,76.8801100000000,76.6842300000000,76.5799700000000,76.5616800000000,76.6238700000000,76.7611900000000,76.9684500000000,77.2406200000000,77.5728600000000,77.9604900000000,78.3990300000000,78.8841700000000,79.4118200000000,79.9780300000000,80.5790600000000,81.2113700000000,81.8715600000000,82.5564200000000,83.2629300000000,83.9882100000000,84.7366100000000,85.5411500000000,86.4098400000000,87.3409700000000,88.3325500000000,89.3826800000000,90.4891900000000,91.6499800000000,92.8629700000000,94.1259900000000,95.4370300000000,96.7942400000000,98.1956100000000,99.6391400000000,101.123070000000,102.645640000000,104.205160000000,105.799900000000,107.428100000000,109.088030000000,110.777940000000,112.496070000000,114.240720000000,116.010170000000,117.804410000000,119.624090000000,121.465890000000,123.327170000000,125.205840000000,127.100080000000,129.008260000000,130.928830000000,132.860320000000,134.801320000000,136.750420000000,138.706250000000,140.667340000000,142.632280000000,144.599570000000,146.567160000000,148.532290000000,150.491420000000,152.440750000000,154.375240000000,156.288990000000,158.175900000000,160.029100000000,161.841020000000,163.603460000000,165.307650000000,166.944380000000,168.505760000000,169.983360000000,171.367150000000,172.646940000000,173.812470000000,174.853490000000,175.759820000000,176.521640000000,177.129190000000,177.566640000000,177.821760000000,177.889620000000,177.761690000000,177.430060000000,176.886630000000,176.112850000000,175.059600000000,173.565390000000,171.522810000000,169.180590000000,166.622570000000,163.872760000000,160.948400000000,157.863120000000,154.627380000000,151.254890000000,147.758340000000,144.149990000000,140.442860000000,136.651580000000,132.791800000000,128.878470000000,124.926010000000,120.949190000000,116.963280000000,112.983850000000,109.026940000000,105.106990000000,101.237640000000,97.4323800000000,93.7044600000000,90.0655200000000,86.5253800000000,83.0934600000000,79.7779600000000,76.5856800000000,73.5222800000000,70.5921600000000,67.7982200000000,65.1421200000000,62.6245100000000,60.2452200000000,58.0033100000000,55.8970500000000,53.9239100000000,52.0810400000000,50.3653200000000,48.7729500000000,47.2998000000000,45.9413500000000,44.6929400000000,43.5498300000000,42.5072200000000,41.5602200000000,40.7042700000000,39.9347300000000,39.2471500000000,38.6374800000000,38.1016600000000,37.6361200000000,37.2375800000000,36.9029800000000,36.6294200000000,36.4142400000000,36.2549800000000,36.1490600000000,36.0935600000000,36.0855200000000,36.1221800000000,36.2006000000000,36.3180100000000,36.4716800000000,36.6591000000000,36.8780500000000,37.1264200000000,37.4023300000000,37.7040400000000,38.0297300000000,38.3778200000000,38.7470200000000,39.1360500000000,39.5435800000000,39.9684900000000,40.4097300000000,40.8663100000000,41.3373600000000,41.8220200000000,42.3194000000000,42.8288000000000,43.3494900000000,43.8807600000000,44.4220200000000,44.9727400000000,45.5323600000000,46.1004100000000,46.6764000000000,47.2598300000000,47.8502400000000,48.4471700000000,49.0502200000000,49.6589400000000,50.2729100000000,50.8916800000000,51.5148500000000,52.1420000000000,52.7727000000000,53.4065200000000,54.0430600000000,54.6845100000000,55.3525300000000,56.2370100000000,57.8661100000000,59.5509600000000,61.1861300000000,62.7810800000000,64.3387900000000,65.8611400000000,67.3500600000000,68.8074700000000,70.2352100000000,71.6350300000000,73.0085500000000,74.3572400000000,75.6824500000000,76.9854000000000,78.2672000000000,79.5288300000000,80.7712200000000,81.9951400000000,83.2013600000000,84.3905100000000,85.5632000000000,86.7199400000000,87.8612100000000,88.9874300000000,90.0989700000000,91.1962000000000,92.2794000000000,93.3488300000000,94.4047400000000,95.4473300000000,96.4767700000000,97.4930700000000,98.4956900000000,99.4838200000000,100.456830000000,101.414220000000,102.355490000000,103.280270000000,104.188340000000,105.079530000000,105.953750000000,106.810970000000,107.651220000000,108.474570000000,109.281100000000,110.070990000000,110.844370000000,111.601370000000,112.342380000000,113.067530000000,113.777050000000,114.471180000000,115.150160000000,115.814230000000,116.463620000000,117.098560000000,117.719210000000,118.325570000000,118.917100000000,119.492900000000,120.051710000000,120.591400000000,121.109630000000,121.604140000000,122.072070000000,122.510190000000,122.914950000000,123.283300000000,123.612020000000,123.897320000000,124.136240000000,124.325800000000,124.462640000000,124.543650000000,124.566030000000,124.527250000000,124.425100000000,124.257550000000,124.022920000000,123.719900000000,123.347180000000,122.903830000000,122.388910000000,121.801220000000,121.140860000000,120.408090000000,119.603120000000,118.727280000000,117.782060000000,116.768910000000,115.689000000000,114.544450000000,113.337500000000,112.070600000000,110.746440000000,109.367690000000,107.937720000000,106.459790000000,104.941840000000,103.403590000000,101.868070000000,100.356570000000,98.8850700000000,97.4573200000000,96.0720800000000,94.7284900000000,93.4257900000000,92.1632500000000,90.9408100000000,89.7584100000000,88.6161900000000,87.5146200000000,86.4546400000000,85.4374300000000,84.4626100000000,83.5297300000000,82.6384200000000,81.7884000000000,80.9796000000000,80.2117900000000,79.4849300000000,78.7991700000000,78.1547400000000,77.5519200000000,76.9907500000000,76.4712800000000,75.9940600000000,75.5593300000000,75.1673600000000,74.8185200000000,74.5131500000000,74.2520900000000,74.0358500000000,73.8649800000000,73.7398800000000,73.6611800000000,73.6293900000000,73.6451700000000,73.7089600000000,73.8210100000000,73.9818700000000,74.1919200000000,74.4511100000000,74.7589000000000,75.1146600000000,75.5177900000000,75.9670000000000,76.4611000000000,76.9987700000000,77.5785300000000,78.1988300000000,78.8582000000000,79.5551300000000,80.2880400000000,81.0554900000000,81.8560200000000,82.6882400000000,83.5507500000000,84.4421400000000,85.3610100000000,86.3060200000000,87.2757500000000,88.2691300000000,89.2848800000000,90.3220000000000,91.3794500000000,92.4562200000000,93.5512400000000,94.6635300000000,95.7921300000000,96.9360800000000,98.0944100000000,99.2661500000000,100.450330000000,101.655010000000,102.904700000000,104.176690000000,105.460490000000,106.752430000000,108.050310000000,109.352500000000,110.657710000000,111.964840000000,113.272870000000,114.580830000000,115.887860000000,117.193100000000,118.495720000000,119.794920000000,121.089950000000,122.380010000000,123.664430000000,124.942550000000,126.213630000000,127.476960000000,128.731920000000,129.977840000000,131.213730000000,132.437900000000,133.648400000000,134.842630000000,136.017120000000,137.168400000000,138.292940000000,139.386130000000,140.442940000000,141.458740000000,142.428610000000,143.346360000000,144.205770000000,145.001370000000,145.727740000000,146.379480000000,146.950350000000,147.434340000000,147.826470000000,148.120940000000,148.312620000000,148.396510000000,148.366960000000,148.219710000000,147.951630000000,147.559860000000,147.041430000000,146.393340000000,145.613260000000,144.699190000000,143.648010000000,142.457110000000,141.124650000000,139.647030000000,138.014290000000,136.207280000000,134.168840000000,131.766010000000,129.075840000000,126.238490000000,123.305270000000,120.299920000000,117.240240000000,114.141080000000,111.015260000000,107.873820000000,104.727580000000,101.587530000000,98.4636700000000,95.3647200000000,92.2995100000000,89.2765000000000,86.3033700000000,83.3876200000000,80.5360600000000,77.7550000000000,75.0501400000000,72.4261800000000,69.8872000000000,67.4366400000000,65.0772800000000,62.8112500000000,60.6399700000000,58.5642400000000,56.5843700000000,54.7002500000000,52.9113300000000,